16 4.750000e+00
97 4.804124e+00
57 4.649123e+00
50 4.700000e+00
11 4.636364e+00
89 4.640449e+00
61 4.606557e+00
40 4.600000e+00
97 4.670103e+00
15 4.666667e+00
62 4.612903e+00
70 4.571429e+00
54 4.611111e+00
9 4.555556e+00
59 4.559322e+00
56 4.589286e+00
32 4.531250e+00
19 4.526316e+00
66 4.515152e+00
195 4.656410e+00
136 4.588235e+00
63 4.587302e+00
52 4.653846e+00
184 4.500000e+00
70 4.585714e+00
53 4.584906e+00
112 4.482143e+00
12 4.583333e+00
55 4.581818e+00
62 4.580645e+00
92 4.467391e+00
59 4.474576e+00
118 4.491525e+00
72 4.472222e+00
143 4.461538e+00
11 4.454545e+00
22 4.545455e+00
24 4.458333e+00
42 4.452381e+00
35 4.457143e+00
45 4.488889e+00
41 4.487805e+00
112 4.544643e+00
48 4.437500e+00
46 4.434783e+00
63 4.428571e+00
79 4.544304e+00
30 4.433333e+00
36 4.416667e+00
26 4.423077e+00
45 4.400000e+00
66 4.409091e+00
90 4.444444e+00
37 4.405405e+00
28 4.392857e+00
23 4.391304e+00
31 4.387097e+00
13 4.384615e+00
24 4.541667e+00
29 4.379310e+00
102 4.441176e+00
37 4.540541e+00
78 4.538462e+00
39 4.358974e+00
14 4.357143e+00
50 4.340000e+00
66 4.348485e+00
40 4.375000e+00
273 4.333333e+00
94 4.372340e+00
52 4.346154e+00
27 4.370370e+00
32 4.343750e+00
38 4.368421e+00
30 4.366667e+00
68 4.323529e+00
41 4.365854e+00
93 4.322581e+00
52 4.365385e+00
55 4.363636e+00
72 4.319444e+00
22 4.318182e+00
35 4.314286e+00
236 4.250000e+00
23 4.260870e+00
118 4.313559e+00
29 4.310345e+00
81 4.259259e+00
35 4.257143e+00
47 4.255319e+00
126 4.222222e+00
65 4.307692e+00
36 4.305556e+00
59 4.305085e+00
69 4.217391e+00
60 4.300000e+00
37 4.216216e+00
70 4.214286e+00
50 4.240000e+00
19 4.210526e+00
170 4.294118e+00
63 4.238095e+00
24 4.291667e+00
81 4.209877e+00
38 4.289474e+00
24 4.208333e+00
17 4.235294e+00
81 4.234568e+00
47 4.234043e+00
182 4.285714e+00
46 4.282609e+00
205 4.200000e+00
61 4.196721e+00
43 4.232558e+00
91 4.230769e+00
77 4.194805e+00
26 4.192308e+00
70 4.228571e+00
132 4.181818e+00
44 4.227273e+00
25 4.280000e+00
43 4.279070e+00
53 4.226415e+00
29 4.275862e+00
21 4.190476e+00
150 4.166667e+00
74 4.189189e+00
48 4.187500e+00
25 4.160000e+00
62 4.274194e+00
38 4.157895e+00
78 4.153846e+00
78 4.179487e+00
99 4.272727e+00
168 4.178571e+00
133 4.142857e+00
26 4.269231e+00
43 4.139535e+00
41 4.268293e+00
22 4.136364e+00
30 4.133333e+00
15 4.266667e+00
74 4.148649e+00
34 4.176471e+00
81 4.148148e+00
49 4.265306e+00
69 4.173913e+00
34 4.264706e+00
61 4.147541e+00
58 4.172414e+00
34 4.147059e+00
47 4.170213e+00
24 4.083333e+00
37 4.081081e+00
26 4.076923e+00
40 4.075000e+00
27 4.074074e+00
14 4.071429e+00
45 4.066667e+00
62 4.064516e+00
128 4.062500e+00
46 4.130435e+00
39 4.128205e+00
60 4.050000e+00
28 4.107143e+00
63 4.047619e+00
47 4.106383e+00
142 4.126761e+00
22 4.045455e+00
114 4.105263e+00
69 4.043478e+00
33 4.060606e+00
29 4.103448e+00
68 4.058824e+00
60 4.100000e+00
88 4.125000e+00
35 4.057143e+00
58 4.120690e+00
36 4.055556e+00
64 4.031250e+00
72 4.041667e+00
25 4.040000e+00
81 4.037037e+00
28 4.035714e+00
36 4.027778e+00
51 4.117647e+00
41 4.024390e+00
26 4.115385e+00
134 4.097015e+00
42 4.023810e+00
35 4.114286e+00
21 4.095238e+00
88 4.113636e+00
117 4.094017e+00
46 4.021739e+00
162 4.111111e+00
187 4.090909e+00
191 4.020942e+00
4108 4.000000e+00
35332 3.000000e+00
97 2.989691e+00
66 2.984848e+00
63 2.984127e+00
62 2.983871e+00
60 2.983333e+00
117 2.982906e+00
53 2.981132e+00
52 2.980769e+00
47 2.978723e+00
45 2.977778e+00
41 2.975610e+00
78 2.974359e+00
76 2.973684e+00
35 2.971429e+00
34 2.970588e+00
66 2.969697e+00
160 2.968750e+00
124 2.967742e+00
90 2.966667e+00
116 2.965517e+00
84 2.964286e+00
27 2.962963e+00
156 2.961538e+00
51 2.960784e+00
75 2.960000e+00
98 2.959184e+00
73 2.958904e+00
96 2.958333e+00
161 2.956522e+00
45 2.955556e+00
110 2.954545e+00
43 2.953488e+00
84 2.952381e+00
68 3.985294e+00
65 3.984615e+00
61 3.983607e+00
53 3.981132e+00
51 3.980392e+00
42 3.976190e+00
82 3.975610e+00
70 3.971429e+00
34 3.970588e+00
33 3.969697e+00
32 3.968750e+00
31 3.967742e+00
60 3.966667e+00
58 3.965517e+00
112 3.964286e+00
110 3.963636e+00
78 3.961538e+00
25 3.960000e+00
104 2.951923e+00
82 2.951220e+00
120 2.950000e+00
39 2.948718e+00
190 2.947368e+00
113 2.946903e+00
74 2.945946e+00
47 3.957447e+00
450 2.944444e+00
35 2.942857e+00
115 3.956522e+00
45 3.955556e+00
110 3.954545e+00
442 2.941176e+00
84 2.940476e+00
231 3.952381e+00
100 3.950000e+00
39 3.948718e+00
154 3.948052e+00
99 2.939394e+00
152 3.947368e+00
240 2.937500e+00
106 2.933962e+00
72 3.944444e+00
35 3.942857e+00
52 3.942308e+00
435 2.933333e+00
170 3.941176e+00
58 2.931034e+00
84 3.940476e+00
406 2.928571e+00
49 3.938776e+00
160 3.937500e+00
31 3.935484e+00
170 3.935294e+00
315 3.933333e+00
44 3.931818e+00
29 3.931034e+00
140 3.928571e+00
304 3.927632e+00
41 3.926829e+00
81 3.925926e+00
54 2.925926e+00
40 2.925000e+00
624 2.923077e+00
38 2.921053e+00
100 2.920000e+00
696 2.916667e+00
71 2.915493e+00
130 3.923077e+00
64 3.921875e+00
92 2.913043e+00
34 2.911765e+00
38 3.921053e+00
63 3.920635e+00
715 2.909091e+00
225 3.920000e+00
64 2.906250e+00
37 3.918919e+00
147 3.918367e+00
273 2.904762e+00
62 2.903226e+00
228 3.916667e+00
46 3.913043e+00
68 3.911765e+00
181 3.911602e+00
286 3.909091e+00
65 3.907692e+00
980 2.900000e+00
68 2.897059e+00
29 2.896552e+00
209 2.894737e+00
84 2.892857e+00
37 2.891892e+00
55 2.890909e+00
64 2.890625e+00
1179 2.888889e+00
26 2.884615e+00
43 2.883721e+00
170 2.882353e+00
100 2.880000e+00
83 2.879518e+00
32 3.906250e+00
42 3.904762e+00
93 3.903226e+00
41 3.902439e+00
260 3.900000e+00
49 3.897959e+00
29 3.896552e+00
209 3.894737e+00
28 3.892857e+00
93 3.892473e+00
37 3.891892e+00
101 3.891089e+00
55 3.890909e+00
64 3.890625e+00
73 3.890411e+00
459 3.888889e+00
1280 2.875000e+00
39 2.871795e+00
62 2.870968e+00
69 2.869565e+00
420 2.866667e+00
26 3.884615e+00
112 3.883929e+00
154 2.863636e+00
145 2.862069e+00
111 3.882883e+00
36 2.861111e+00
102 3.882353e+00
43 2.860465e+00
84 3.880952e+00
25 3.880000e+00
1505 2.857143e+00
323 3.879257e+00
99 3.878788e+00
52 3.326923e+00
40 3.325000e+00
472 3.875000e+00
37 3.324324e+00
68 3.323529e+00
186 3.322581e+00
84 3.321429e+00
53 3.320755e+00
150 3.320000e+00
47 3.319149e+00
198 3.318182e+00
81 2.851852e+00
104 3.317308e+00
180 2.850000e+00
33 2.848485e+00
494 2.846154e+00
186 3.317204e+00
41 3.317073e+00
32 2.843750e+00
152 2.842105e+00
175 2.840000e+00
95 3.873684e+00
71 3.873239e+00
228 3.315789e+00
47 3.872340e+00
156 3.871795e+00
73 3.315068e+00
61 2.836066e+00
35 3.314286e+00
51 3.313725e+00
138 3.869565e+00
76 3.868421e+00
68 3.867647e+00
1932 2.833333e+00
464 3.312500e+00
60 3.866667e+00
93 3.311828e+00
97 3.865979e+00
44 3.863636e+00
61 3.311475e+00
135 3.311111e+00
271 3.863469e+00
58 3.310345e+00
97 3.309278e+00
58 3.862069e+00
72 3.861111e+00
50 3.860000e+00
35 2.828571e+00
29 2.827586e+00
52 2.826923e+00
161 2.826087e+00
57 2.824561e+00
221 2.823529e+00
73 2.821918e+00
28 2.821429e+00
455 3.857143e+00
55 3.854545e+00
34 3.852941e+00
108 3.851852e+00
616 2.818182e+00
60 2.816667e+00
180 3.850000e+00
104 3.846154e+00
103 3.844660e+00
32 3.843750e+00
135 2.814815e+00
160 2.812500e+00
76 3.842105e+00
44 3.840909e+00
105 2.809524e+00
104 2.807692e+00
36 2.805556e+00
55 3.309091e+00
663 3.307692e+00
2310 2.800000e+00
468 3.305556e+00
177 3.305085e+00
184 3.304348e+00
66 3.303030e+00
34 2.794118e+00
29 2.793103e+00
24 2.791667e+00
95 2.789474e+00
119 3.302521e+00
448 2.785714e+00
115 2.782609e+00
910 3.300000e+00
59 2.779661e+00
131 3.297710e+00
148 3.297297e+00
54 3.296296e+00
954 2.777778e+00
71 3.295775e+00
58 2.775862e+00
31 2.774194e+00
88 2.772727e+00
403 2.769231e+00
30 2.766667e+00
170 2.764706e+00
105 2.761905e+00
29 2.758621e+00
41 2.756098e+00
61 3.295082e+00
3732 2.750000e+00
323 3.294118e+00
41 3.292683e+00
202 3.292079e+00
43 2.744186e+00
120 3.291667e+00
35 2.742857e+00
89 2.741573e+00
27 2.740741e+00
55 3.290909e+00
69 2.739130e+00
93 3.290323e+00
152 3.289474e+00
90 3.288889e+00
171 2.736842e+00
68 2.735294e+00
300 2.733333e+00
1246 3.285714e+00
96 3.281250e+00
114 3.280702e+00
75 3.280000e+00
43 3.279070e+00
162 3.277778e+00
594 2.727273e+00
83 3.277108e+00
47 3.276596e+00
87 3.275862e+00
80 3.275000e+00
58 2.724138e+00
180 2.722222e+00
25 2.720000e+00
25 3.840000e+00
114 2.719298e+00
124 3.838710e+00
32 2.718750e+00
129 3.837209e+00
51 3.274510e+00
803 3.272727e+00
248 3.834677e+00
564 3.833333e+00
74 3.270270e+00
1659 2.714286e+00
52 3.269231e+00
35 3.828571e+00
38 2.710526e+00
58 3.827586e+00
31 2.709677e+00
52 3.826923e+00
375 3.266667e+00
46 3.826087e+00
109 3.825688e+00
49 3.265306e+00
136 3.264706e+00
114 3.263158e+00
61 3.262295e+00
72 2.708333e+00
68 2.705882e+00
54 2.703704e+00
37 2.702703e+00
272 3.823529e+00
124 3.822581e+00
800 2.700000e+00
33 2.696970e+00
46 2.695652e+00
90 3.822222e+00
56 3.821429e+00
308 3.818182e+00
60 3.816667e+00
54 3.814815e+00
36 2.694444e+00
325 2.692308e+00
176 2.687500e+00
384 3.812500e+00
58 3.810345e+00
95 2.684211e+00
66 2.681818e+00
100 2.680000e+00
62 2.677419e+00
5319 2.666667e+00
32 2.656250e+00
87 2.655172e+00
46 2.652174e+00
120 2.650000e+00
221 2.647059e+00
126 3.809524e+00
104 3.807692e+00
124 3.806452e+00
308 2.642857e+00
25 2.640000e+00
36 2.638889e+00
36 3.805556e+00
41 3.804878e+00
352 2.636364e+00
30 2.633333e+00
57 2.631579e+00
51 3.803922e+00
107 3.803738e+00
525 3.714286e+00
61 3.803279e+00
59 3.711864e+00
31 3.709677e+00
120 3.708333e+00
281 3.800712e+00
1112 2.625000e+00
41 3.707317e+00
204 3.705882e+00
29 2.620690e+00
84 2.619048e+00
299 2.615385e+00
855 3.800000e+00
84 3.797619e+00
31 2.612903e+00
67 2.611940e+00
378 3.703704e+00
54 2.611111e+00
46 2.608696e+00
43 2.604651e+00
141 3.702128e+00
57 3.701754e+00
2025 2.600000e+00
360 3.700000e+00
78 3.794872e+00
53 3.698113e+00
68 3.794118e+00
46 3.695652e+00
36 3.694444e+00
187 2.588235e+00
87 2.586207e+00
29 3.793103e+00
288 2.583333e+00
82 3.792683e+00
101 3.792079e+00
93 2.580645e+00
152 2.578947e+00
96 3.791667e+00
43 3.790698e+00
26 2.576923e+00
66 2.575758e+00
171 3.789474e+00
260 3.692308e+00
55 3.690909e+00
84 3.690476e+00
1358 2.571429e+00
87 3.689655e+00
92 2.565217e+00
66 3.787879e+00
47 3.787234e+00
112 2.562500e+00
50 2.560000e+00
224 3.687500e+00
224 3.785714e+00
70 3.685714e+00
882 2.555556e+00
51 3.784314e+00
60 3.783333e+00
46 3.782609e+00
55 3.781818e+00
100 2.550000e+00
31 2.548387e+00
32 3.781250e+00
41 3.780488e+00
363 2.545455e+00
48 2.541667e+00
115 3.260870e+00
77 3.259740e+00
273 2.538462e+00
189 3.259259e+00
28 2.535714e+00
75 2.533333e+00
93 3.258065e+00
105 3.257143e+00
102 2.529412e+00
57 2.526316e+00
42 2.523810e+00
46 2.521739e+00
25 2.520000e+00
31 2.516129e+00
35 2.514286e+00
43 2.511628e+00
195 3.256410e+00
43 3.255814e+00
102 3.254902e+00
59 3.254237e+00
71 3.253521e+00
75 3.253333e+00
95 3.684211e+00
196 3.683673e+00
60 3.683333e+00
66 3.681818e+00
47 3.680851e+00
122 3.680328e+00
200 3.680000e+00
2656 3.250000e+00
9584 2.500000e+00
113 3.247788e+00
81 3.679012e+00
68 3.676471e+00
37 3.675676e+00
37 2.486486e+00
35 2.485714e+00
27 2.481481e+00
50 2.480000e+00
23 2.478261e+00
21 2.476190e+00
43 3.674419e+00
46 3.673913e+00
49 3.673469e+00
122 3.672131e+00
73 3.246575e+00
41 3.243902e+00
37 3.243243e+00
70 3.242857e+00
19 2.473684e+00
103 3.242718e+00
76 3.671053e+00
66 3.242424e+00
119 2.470588e+00
195 2.466667e+00
28 2.464286e+00
75 3.240000e+00
247 2.461538e+00
24 2.458333e+00
294 3.238095e+00
38 3.236842e+00
385 2.454545e+00
77 3.779221e+00
2313 3.666667e+00
31 2.451613e+00
20 2.450000e+00
47 2.446809e+00
216 3.777778e+00
783 2.444444e+00
40 3.775000e+00
32 2.437500e+00
132 3.772727e+00
39 2.435897e+00
30 2.433333e+00
35 3.771429e+00
61 3.770492e+00
238 3.235294e+00
149 3.234899e+00
94 3.234043e+00
30 3.233333e+00
1225 2.428571e+00
585 3.230769e+00
76 2.421053e+00
264 2.416667e+00
136 2.411765e+00
44 2.409091e+00
312 3.769231e+00
69 3.768116e+00
60 3.766667e+00
1790 2.400000e+00
28 2.392857e+00
23 2.391304e+00
18 2.388889e+00
47 3.765957e+00
208 2.384615e+00
63 2.380952e+00
672 2.375000e+00
221 3.764706e+00
140 3.764286e+00
59 3.762712e+00
126 3.761905e+00
57 2.368421e+00
30 2.366667e+00
231 2.363636e+00
36 2.361111e+00
98 2.357143e+00
51 2.352941e+00
20 2.350000e+00
23 2.347826e+00
4416 2.333333e+00
28 2.321429e+00
22 2.318182e+00
19 2.315789e+00
225 3.760000e+00
29 3.758621e+00
33 3.757576e+00
80 2.312500e+00
29 2.310345e+00
182 2.307692e+00
23 2.304348e+00
33 2.303030e+00
74 3.756757e+00
290 2.300000e+00
34 2.294118e+00
917 2.285714e+00
271 3.756458e+00
41 3.756098e+00
36 2.277778e+00
40 2.275000e+00
73 3.753425e+00
77 3.753247e+00
242 2.272727e+00
45 2.266667e+00
19 2.263158e+00
23 2.260870e+00
1088 3.750000e+00
35 3.228571e+00
57 3.228070e+00
79 3.227848e+00
88 3.227273e+00
40 3.225000e+00
49 3.224490e+00
58 3.224138e+00
2228 2.250000e+00
65 3.661538e+00
49 2.244898e+00
17 2.235294e+00
52 2.230769e+00
183 3.661202e+00
225 2.222222e+00
56 3.660714e+00
56 2.214286e+00
100 3.660000e+00
120 3.658333e+00
1062 3.222222e+00
38 3.657895e+00
1505 2.200000e+00
50 3.220000e+00
16 2.187500e+00
187 2.181818e+00
1074 2.166667e+00
91 2.153846e+00
40 2.150000e+00
64 3.656250e+00
602 2.142857e+00
61 3.655738e+00
368 2.125000e+00
51 2.117647e+00
261 2.111111e+00
145 3.655172e+00
70 2.100000e+00
55 2.090909e+00
60 2.083333e+00
64 3.218750e+00
52 2.076923e+00
113 3.654867e+00
42 2.071429e+00
32 2.062500e+00
20 2.050000e+00
21 2.047619e+00
115 3.217391e+00
63 3.746032e+00
35 3.742857e+00
74 3.216216e+00
156 3.653846e+00
462 3.214286e+00
58 3.741379e+00
138 3.652174e+00
85 3.741176e+00
43 3.651163e+00
54 3.740741e+00
61 3.213115e+00
323 3.210526e+00
77 3.740260e+00
69 3.739130e+00
65 3.738462e+00
126 3.738095e+00
61 3.737705e+00
171 3.736842e+00
106 3.735849e+00
255 3.733333e+00
340 3.650000e+00
228 3.649123e+00
37 3.648649e+00
43 3.209302e+00
136 3.647059e+00
177 3.209040e+00
72 3.208333e+00
29 3.206897e+00
34 3.205882e+00
108 3.731481e+00
147 3.204082e+00
59 3.203390e+00
52 3.730769e+00
74 3.729730e+00
70 3.728571e+00
374 3.727273e+00
31 3.645161e+00
135 3.644444e+00
87 3.643678e+00
87 3.724138e+00
476 3.642857e+00
234 3.722222e+00
50 3.720000e+00
114 3.719298e+00
36 1.944444e+00
16 1.937500e+00
15 1.933333e+00
56 1.928571e+00
13 1.923077e+00
159 3.641509e+00
48 1.916667e+00
77 1.909091e+00
21 1.904762e+00
130 1.900000e+00
270 1.888889e+00
17 1.882353e+00
117 3.641026e+00
75 3.640000e+00
352 1.875000e+00
30 1.866667e+00
2180 3.200000e+00
546 1.857143e+00
26 1.846154e+00
91 3.197802e+00
792 1.833333e+00
17 1.823529e+00
77 1.818182e+00
1085 1.800000e+00
162 1.777778e+00
13 1.769231e+00
1836 1.750000e+00
15 1.733333e+00
33 1.727273e+00
18 1.722222e+00
343 1.714286e+00
80 1.700000e+00
3093 1.666667e+00
17 1.647059e+00
28 1.642857e+00
33 1.636364e+00
112 1.625000e+00
13 1.615385e+00
770 1.600000e+00
24 1.583333e+00
175 1.571429e+00
63 1.555556e+00
22 1.545455e+00
13 1.538462e+00
15 1.533333e+00
627 3.636364e+00
96 3.635417e+00
5128 1.500000e+00
9 1.444444e+00
84 1.428571e+00
345 1.400000e+00
32 1.375000e+00
60 3.633333e+00
285 3.631579e+00
2094 1.333333e+00
10 1.300000e+00
14 1.285714e+00
108 3.629630e+00
492 1.250000e+00
60 1.200000e+00
12 1.166667e+00
14 1.142857e+00
199 3.628141e+00
38268 2.000000e+00
600 3.625000e+00
199 3.623116e+00
74 3.621622e+00
105 3.619048e+00
60 3.616667e+00
286 3.615385e+00
93 3.612903e+00
28971 1.000000e+00
46 3.195652e+00
52 3.192308e+00
147 3.190476e+00
74 3.189189e+00
288 3.187500e+00
54 3.185185e+00
76 3.184211e+00
737 3.181818e+00
216 3.611111e+00
41 3.609756e+00
69 3.608696e+00
78 3.179487e+00
107 3.607477e+00
73 3.178082e+00
56 3.607143e+00
96 3.177083e+00
192 3.604167e+00
221 3.176471e+00
92 3.173913e+00
1100 3.600000e+00
169 3.597633e+00
77 3.597403e+00
72 3.597222e+00
52 3.596154e+00
133 3.593985e+00
32 3.593750e+00
174 3.172414e+00
105 3.171429e+00
82 3.170732e+00
1530 3.166667e+00
108 3.592593e+00
76 3.592105e+00
98 3.591837e+00
71 3.591549e+00
220 3.590909e+00
61 3.163934e+00
55 3.163636e+00
43 3.162791e+00
39 3.589744e+00
37 3.162162e+00
153 3.588235e+00
93 3.161290e+00
50 3.160000e+00
190 3.157895e+00
32 3.156250e+00
58 3.586207e+00
492 3.583333e+00
62 3.580645e+00
164 3.579268e+00
114 3.578947e+00
71 3.577465e+00
52 3.576923e+00
33 3.575758e+00
40 3.575000e+00
546 3.153846e+00
72 3.152778e+00
46 3.152174e+00
805 3.571429e+00
66 3.151515e+00
72 3.569444e+00
240 3.150000e+00
47 3.148936e+00
81 3.148148e+00
102 3.147059e+00
88 3.568182e+00
60 3.566667e+00
69 3.565217e+00
39 3.564103e+00
55 3.563636e+00
304 3.562500e+00
41 3.146341e+00
1232 3.142857e+00
71 3.140845e+00
57 3.140351e+00
87 3.137931e+00
88 3.136364e+00
59 3.135593e+00
300 3.133333e+00
92 3.130435e+00
55 3.127273e+00
1024 3.125000e+00
107 3.121495e+00
50 3.120000e+00
59 3.118644e+00
150 3.560000e+00
34 3.558824e+00
111 3.558559e+00
43 3.558140e+00
61 3.557377e+00
603 3.555556e+00
47 3.553191e+00
145 3.551724e+00
49 3.551020e+00
160 3.550000e+00
53 3.547170e+00
693 3.545455e+00
35 3.542857e+00
168 3.541667e+00
450 3.540000e+00
63 3.539683e+00
494 3.538462e+00
238 3.117647e+00
130 3.115385e+00
70 3.114286e+00
44 3.113636e+00
1008 3.111111e+00
177 3.536723e+00
123 3.536585e+00
43 3.534884e+00
168 3.107143e+00
190 3.105263e+00
58 3.103448e+00
176 3.534091e+00
315 3.533333e+00
920 3.100000e+00
96 3.531250e+00
81 3.530864e+00
340 3.529412e+00
53 3.528302e+00
108 3.527778e+00
76 3.526316e+00
51 3.098039e+00
31 3.096774e+00
52 3.096154e+00
105 3.523810e+00
65 3.523077e+00
73 3.095890e+00
147 3.095238e+00
230 3.521739e+00
96 3.093750e+00
140 3.092857e+00
125 3.520000e+00
77 3.519481e+00
27 3.518519e+00
58 3.517241e+00
715 3.090909e+00
100 3.090000e+00
66 3.515152e+00
67 3.089552e+00
140 3.514286e+00
111 3.513514e+00
41 3.512195e+00
184 3.086957e+00
149 3.510067e+00
51 3.509804e+00
59 3.508475e+00
528 3.083333e+00
37 3.081081e+00
25 3.080000e+00
38 3.078947e+00
325 3.076923e+00
27 3.074074e+00
322 3.071429e+00
57 3.070175e+00
58 3.068966e+00
255 3.066667e+00
62 3.064516e+00
125 3.064000e+00
47 3.063830e+00
240 3.062500e+00
33 3.060606e+00
204 3.058824e+00
52 3.057692e+00
140 3.057143e+00
162 3.055556e+00
247 3.052632e+00
140 3.050000e+00
82 3.048780e+00
147 3.047619e+00
88 3.045455e+00
46 3.043478e+00
47 3.042553e+00
48 3.041667e+00
73 3.041096e+00
75 3.040000e+00
104 3.038462e+00
53 3.037736e+00
135 3.037037e+00
112 3.035714e+00
29 3.034483e+00
30 3.033333e+00
66 3.030303e+00
36 3.027778e+00
39 3.025641e+00
40 3.025000e+00
45 3.022222e+00
48 3.020833e+00
50 3.020000e+00
5308 3.500000e+00
89 3.494382e+00
168 3.494048e+00
63 3.492063e+00
245 3.489796e+00
96 3.489583e+00
90 3.488889e+00
88 3.488636e+00
39 3.487179e+00
37 3.486486e+00
105 3.485714e+00
132 3.484848e+00
64 3.484375e+00
62 3.483871e+00
60 3.483333e+00
87 3.482759e+00
81 3.481481e+00
183 3.480874e+00
52 3.480769e+00
100 3.480000e+00
276 3.478261e+00
155 3.477419e+00
132 3.477273e+00
168 3.476190e+00
399 3.473684e+00
110 3.472727e+00
36 3.472222e+00
53 3.471698e+00
289 3.470588e+00
49 3.469388e+00
81 3.469136e+00
79 3.468354e+00
435 3.466667e+00
101 3.465347e+00
86 3.465116e+00
127 3.464567e+00
84 3.464286e+00
41 3.463415e+00
54 3.462963e+00
312 3.461538e+00
63 3.460317e+00
72 3.458333e+00
57 3.456140e+00
726 3.454545e+00
97 3.453608e+00
53 3.452830e+00
84 3.452381e+00
31 3.451613e+00
51 3.450980e+00
40 3.450000e+00
98 3.448980e+00
78 3.448718e+00
203 3.448276e+00
65 3.446154e+00
74 3.445946e+00
157 3.445860e+00
630 3.444444e+00
156 3.442308e+00
111 3.441441e+00
34 3.441176e+00
75 3.440000e+00
41 3.439024e+00
464 3.437500e+00
39 3.435897e+00
184 3.434783e+00
83 3.433735e+00
79 3.430380e+00
1176 3.428571e+00
54 3.425926e+00
47 3.425532e+00
40 3.425000e+00
104 3.423077e+00
83 3.421687e+00
190 3.421053e+00
69 3.420290e+00
81 3.419753e+00
124 3.419355e+00
600 3.416667e+00
87 3.413793e+00
184 3.413043e+00
323 3.411765e+00
39 3.410256e+00
22 3.409091e+00
49 3.408163e+00
81 3.407407e+00
224 3.406250e+00
37 3.405405e+00
47 3.404255e+00
52 3.403846e+00
57 3.403509e+00
62 3.403226e+00
1655 3.400000e+00
83 3.397590e+00
73 3.397260e+00
152 3.394737e+00
33 3.393939e+00
112 3.392857e+00
138 3.391304e+00
238 3.390756e+00
180 3.388889e+00
93 3.387097e+00
299 3.384615e+00
47 3.382979e+00
68 3.382353e+00
126 3.380952e+00
29 3.379310e+00
928 3.375000e+00
67 3.373134e+00
43 3.372093e+00
105 3.371429e+00
54 3.370370e+00
65 3.369231e+00
171 3.368421e+00
60 3.366667e+00
41 3.365854e+00
737 3.363636e+00
135 3.362963e+00
125 3.360000e+00
78 3.358974e+00
476 3.357143e+00
87 3.356322e+00
45 3.355556e+00
152 3.355263e+00
93 3.354839e+00
374 3.352941e+00
128 3.351562e+00
94 3.351064e+00
57 3.350877e+00
60 3.350000e+00
43 3.348837e+00
69 3.347826e+00
208 3.346154e+00
128 3.343750e+00
105 3.342857e+00
41 3.341463e+00
88 3.340909e+00
115 3.339130e+00
3834 3.333333e+00
