24 9.5833333333e+00
4 9.5000000000e+00
1 9.0000000000e+00
154 8.5714285714e+00
89 8.4943820225e+00
8 8.3750000000e+00
26 8.1538461538e+00
13 8.0000000000e+00
49 7.9795918367e+00
22 7.8181818182e+00
4 7.7500000000e+00
15 7.7333333333e+00
25 7.7200000000e+00
6 7.6666666667e+00
11 7.6363636364e+00
8 7.6250000000e+00
5 7.6000000000e+00
12 7.5000000000e+00
17 7.4705882353e+00
5 7.4000000000e+00
11 7.3636363636e+00
4 7.2500000000e+00
14 7.1428571429e+00
41 7.0000000000e+00
15 6.9333333333e+00
4 6.7500000000e+00
33 6.6666666667e+00
5 6.6000000000e+00
42 6.5000000000e+00
58 6.4655172414e+00
7 6.4285714286e+00
5 6.4000000000e+00
14 6.3571428571e+00
68 6.3529411765e+00
12 6.3333333333e+00
4 6.2500000000e+00
5 6.2000000000e+00
26 6.1538461538e+00
10 6.1000000000e+00
13 6.0769230769e+00
161 6.0000000000e+00
59 5.8813559322e+00
12 5.8333333333e+00
5 5.8000000000e+00
26 5.7692307692e+00
17 5.7647058824e+00
33 5.7575757576e+00
22 5.7272727273e+00
16 5.6875000000e+00
18 5.6666666667e+00
22 5.6363636364e+00
8 5.6250000000e+00
13 5.6153846154e+00
10 5.6000000000e+00
14 5.5714285714e+00
16 5.5625000000e+00
13 5.5384615385e+00
70 5.5000000000e+00
35 5.4857142857e+00
21 5.4285714286e+00
13 5.3846153846e+00
22 5.3636363636e+00
20 5.3500000000e+00
12 5.3333333333e+00
10 5.3000000000e+00
34 5.2941176471e+00
14 5.2857142857e+00
11 5.2727272727e+00
12 5.2500000000e+00
32 5.2187500000e+00
10 5.2000000000e+00
28 5.1428571429e+00
16 5.1250000000e+00
18 5.1111111111e+00
10 5.1000000000e+00
22 5.0909090909e+00
59 5.0847457627e+00
13 5.0769230769e+00
15 5.0666666667e+00
16 5.0625000000e+00
40 5.0500000000e+00
276 5.0000000000e+00
18 4.9444444444e+00
10 4.9000000000e+00
17 4.8823529412e+00
8 4.8750000000e+00
15 4.8666666667e+00
7 4.8571428571e+00
18 4.8333333333e+00
10 4.8000000000e+00
43 4.7906976744e+00
9 4.7777777778e+00
30 4.7666666667e+00
60 4.7500000000e+00
14 4.7142857143e+00
36 4.6666666667e+00
8 4.6250000000e+00
13 4.6153846154e+00
23 4.6086956522e+00
55 4.6000000000e+00
14 4.5714285714e+00
11 4.5454545455e+00
240 4.5000000000e+00
49 4.4693877551e+00
44 4.4545454545e+00
18 4.4444444444e+00
16 4.4375000000e+00
14 4.4285714286e+00
60 4.4000000000e+00
11 4.3636363636e+00
96 4.3333333333e+00
30 4.3000000000e+00
21 4.2857142857e+00
36 4.2500000000e+00
25 4.2000000000e+00
54 4.1851851852e+00
48 4.1666666667e+00
39 4.1538461538e+00
14 4.1428571429e+00
24 4.1250000000e+00
9 4.1111111111e+00
10 4.1000000000e+00
22 4.0909090909e+00
14 4.0714285714e+00
680 4.0000000000e+00
63 3.9523809524e+00
19 3.9473684211e+00
15 3.9333333333e+00
14 3.9285714286e+00
11 3.9090909091e+00
10 3.9000000000e+00
18 3.8888888889e+00
8 3.8750000000e+00
23 3.8695652174e+00
29 3.8620689655e+00
7 3.8571428571e+00
18 3.8333333333e+00
11 3.8181818182e+00
25 3.8000000000e+00
19 3.7894736842e+00
18 3.7777777778e+00
80 3.7500000000e+00
34 3.7352941176e+00
22 3.7272727273e+00
49 3.7142857143e+00
23 3.6956521739e+00
13 3.6923076923e+00
75 3.6666666667e+00
24 3.6250000000e+00
60 3.6000000000e+00
21 3.5714285714e+00
16 3.5625000000e+00
27 3.5555555556e+00
11 3.5454545455e+00
434 3.5000000000e+00
11 3.4545454545e+00
18 3.4444444444e+00
49 3.4285714286e+00
70 3.4000000000e+00
48 3.3750000000e+00
11 3.3636363636e+00
17 3.3529411765e+00
105 3.3333333333e+00
10 3.3000000000e+00
21 3.2857142857e+00
44 3.2500000000e+00
24 3.2083333333e+00
40 3.2000000000e+00
11 3.1818181818e+00
66 3.1666666667e+00
56 3.1428571429e+00
10 3.1000000000e+00
11 3.0909090909e+00
1360 3.0000000000e+00
12 2.9166666667e+00
21 2.9047619048e+00
27 2.8888888889e+00
24 2.8750000000e+00
35 2.8571428571e+00
48 2.8333333333e+00
40 2.8250000000e+00
11 2.8181818182e+00
65 2.8000000000e+00
54 2.7777777778e+00
108 2.7500000000e+00
11 2.7272727273e+00
28 2.7142857143e+00
20 2.7000000000e+00
132 2.6666666667e+00
24 2.6250000000e+00
70 2.6000000000e+00
28 2.5714285714e+00
9 2.5555555556e+00
15 2.5333333333e+00
820 2.5000000000e+00
11 2.4545454545e+00
18 2.4444444444e+00
28 2.4285714286e+00
80 2.4000000000e+00
8 2.3750000000e+00
11 2.3636363636e+00
20 2.3500000000e+00
93 2.3333333333e+00
13 2.3076923077e+00
10 2.3000000000e+00
35 2.2857142857e+00
120 2.2500000000e+00
75 2.2000000000e+00
11 2.1818181818e+00
36 2.1666666667e+00
21 2.1428571429e+00
16 2.1250000000e+00
1930 2.0000000000e+00
17 1.9411764706e+00
11 1.9090909091e+00
8 1.8750000000e+00
7 1.8571428571e+00
48 1.8333333333e+00
25 1.8000000000e+00
9 1.7777777778e+00
88 1.7500000000e+00
56 1.7142857143e+00
135 1.6666666667e+00
85 1.6000000000e+00
1142 1.5000000000e+00
14 1.4285714286e+00
15 1.4000000000e+00
117 1.3333333333e+00
7 1.2857142857e+00
52 1.2500000000e+00
60 1.2000000000e+00
6 1.1666666667e+00
2038 1.0000000000e+00
32 7.5000000000e-01
123 6.6666666667e-01
676 5.0000000000e-01
