29 3.882759e+01
1 2.600000e+01
63 3.100000e+01
56 2.485714e+01
2 2.400000e+01
115 5.656522e+01
12 2.391667e+01
9 2.211111e+01
1 2.200000e+01
48 2.354167e+01
49 2.408163e+01
44 2.150000e+01
43 2.134884e+01
5 2.120000e+01
44 2.186364e+01
43 2.100000e+01
39 1.902564e+01
1 1.900000e+01
45 2.135556e+01
27 1.777778e+01
40 1.950000e+01
36 1.750000e+01
18 1.738889e+01
36 1.752778e+01
25 1.700000e+01
16 1.675000e+01
88 1.727273e+01
30 1.623333e+01
102 5.050000e+01
34 1.650000e+01
67 1.600000e+01
30 1.566667e+01
64 1.550000e+01
7 1.528571e+01
27 1.522222e+01
54 1.685185e+01
33 1.563636e+01
4 1.500000e+01
60 1.506667e+01
37 1.548649e+01
26 1.484615e+01
29 1.486207e+01
31 1.503226e+01
3 1.466667e+01
14 1.450000e+01
58 1.470690e+01
34 1.476471e+01
30 1.470000e+01
31 1.409677e+01
26 1.434615e+01
38 1.400000e+01
32 1.368750e+01
28 1.367857e+01
31 1.406452e+01
14 1.407143e+01
11 1.345455e+01
52 1.367308e+01
29 1.406897e+01
27 1.322222e+01
27 1.329630e+01
53 1.377358e+01
44 1.309091e+01
21 1.295238e+01
36 1.300000e+01
19 1.294737e+01
30 1.316667e+01
24 1.295833e+01
21 1.276190e+01
43 1.274419e+01
23 1.273913e+01
24 1.258333e+01
46 1.250000e+01
9 1.244444e+01
35 1.257143e+01
19 1.247368e+01
12 1.233333e+01
18 1.216667e+01
24 1.237500e+01
22 1.222727e+01
25 1.232000e+01
23 1.213043e+01
17 1.205882e+01
24 1.208333e+01
9 1.188889e+01
13 1.184615e+01
12 1.183333e+01
49 1.202041e+01
5 1.180000e+01
35 1.182857e+01
148 1.200000e+01
25 1.176000e+01
15 1.173333e+01
10 1.170000e+01
15 1.166667e+01
22 1.163636e+01
52 1.175000e+01
5 1.160000e+01
7 1.157143e+01
29 1.162069e+01
24 1.154167e+01
9 1.144444e+01
32 1.150000e+01
13 1.138462e+01
14 1.135714e+01
48 1.141667e+01
23 1.134783e+01
14 1.128571e+01
48 1.133333e+01
17 1.123529e+01
9 1.122222e+01
32 1.125000e+01
6 1.116667e+01
23 1.113043e+01
48 1.112500e+01
19 1.110526e+01
107 1.168224e+01
23 1.104348e+01
22 1.168182e+01
28 1.096429e+01
28 1.092857e+01
9 1.088889e+01
8 1.087500e+01
22 1.086364e+01
7 1.085714e+01
182 1.100000e+01
12 1.083333e+01
47 1.093617e+01
15 1.080000e+01
17 1.082353e+01
24 1.079167e+01
48 1.068750e+01
24 1.066667e+01
36 1.075000e+01
105 1.072381e+01
61 1.065574e+01
10 1.060000e+01
7 1.057143e+01
18 1.055556e+01
37 1.064865e+01
87 1.074713e+01
54 1.050000e+01
19 1.047368e+01
21 1.042857e+01
40 1.040000e+01
21 1.033333e+01
21 1.038095e+01
66 1.054545e+01
28 1.028571e+01
11 1.027273e+01
36 1.025000e+01
36 1.027778e+01
22 1.022727e+01
27 1.022222e+01
14 1.021429e+01
5 1.020000e+01
21 1.019048e+01
42 1.023810e+01
13 1.015385e+01
28 1.014286e+01
9 1.011111e+01
10 1.010000e+01
51 1.017647e+01
11 1.009091e+01
12 1.008333e+01
21 1.009524e+01
18 1.005556e+01
20 1.005000e+01
42 1.016667e+01
21 1.004762e+01
64 1.006250e+01
17 1.005882e+01
62 1.016129e+01
29 9.965517e+00
19 1.015789e+01
15 9.933333e+00
332 1.000000e+01
21 9.952381e+00
12 9.916667e+00
28 9.928571e+00
21 9.857143e+00
373 1.205094e+01
20 9.850000e+00
36 9.888889e+00
21 9.809524e+00
6 9.833333e+00
18 9.777778e+00
17 9.823529e+00
60 9.800000e+00
11 9.727273e+00
71 9.830986e+00
52 9.750000e+00
43 9.697674e+00
18 9.611111e+00
75 9.666667e+00
34 9.588235e+00
42 9.571429e+00
85 9.600000e+00
16 9.437500e+00
28 9.428571e+00
12 9.416667e+00
5 9.400000e+00
29 9.448276e+00
14 9.357143e+00
23 9.347826e+00
23 9.391304e+00
180 9.500000e+00
25 9.320000e+00
19 9.315789e+00
69 9.333333e+00
15 9.266667e+00
40 9.275000e+00
95 9.368421e+00
31 9.258065e+00
25 9.240000e+00
77 9.285714e+00
34 9.235294e+00
36 9.250000e+00
43 9.209302e+00
26 9.192308e+00
50 9.200000e+00
30 9.166667e+00
14 9.142857e+00
13 9.153846e+00
12 9.083333e+00
18 9.055556e+00
45 9.111111e+00
19 9.052632e+00
56 9.107143e+00
52 9.038462e+00
31 9.032258e+00
64 9.125000e+00
42 9.023810e+00
34 8.970588e+00
28 8.928571e+00
35 8.942857e+00
22 8.909091e+00
9 8.888889e+00
50 8.900000e+00
26 8.884615e+00
32 8.875000e+00
34 8.852941e+00
24 8.833333e+00
56 8.964286e+00
29 8.827586e+00
593 9.000000e+00
27 8.962963e+00
11 8.818182e+00
18 8.777778e+00
80 8.800000e+00
29 8.793103e+00
19 8.789474e+00
52 8.769231e+00
90 8.866667e+00
12 8.750000e+00
11 8.727273e+00
25 8.760000e+00
36 8.722222e+00
61 8.737705e+00
22 8.863636e+00
49 8.714286e+00
20 8.700000e+00
29 8.862069e+00
20 8.650000e+00
11 8.636364e+00
13 8.615385e+00
25 8.600000e+00
108 8.666667e+00
35 8.571429e+00
46 8.630435e+00
16 8.562500e+00
33 8.545455e+00
39 8.692308e+00
17 8.529412e+00
48 8.687500e+00
43 8.558140e+00
234 8.500000e+00
23 8.521739e+00
54 8.555556e+00
13 8.461538e+00
11 8.454545e+00
29 8.448276e+00
26 8.538462e+00
108 8.518519e+00
36 8.444444e+00
46 8.478261e+00
23 8.434783e+00
40 8.475000e+00
24 8.416667e+00
29 8.413793e+00
42 8.428571e+00
56 8.535714e+00
45 8.400000e+00
22 8.409091e+00
48 8.375000e+00
19 8.368421e+00
33 8.363636e+00
45 8.533333e+00
40 8.325000e+00
57 8.350877e+00
144 8.333333e+00
20 8.300000e+00
24 8.291667e+00
11 8.272727e+00
15 8.266667e+00
56 8.285714e+00
19 8.263158e+00
18 8.277778e+00
32 8.312500e+00
29 8.275862e+00
84 8.250000e+00
31 8.258065e+00
38 8.236842e+00
45 8.222222e+00
81 8.308642e+00
65 8.230769e+00
72 8.166667e+00
13 8.153846e+00
76 8.157895e+00
15 8.133333e+00
64 8.125000e+00
33 8.121212e+00
116 8.181034e+00
51 8.117647e+00
17 8.176471e+00
13 8.076923e+00
27 8.148148e+00
28 8.071429e+00
30 8.066667e+00
16 8.062500e+00
18 8.055556e+00
24 8.041667e+00
80 8.212500e+00
65 8.030769e+00
38 8.210526e+00
60 8.016667e+00
96 8.145833e+00
14 8.142857e+00
57 7.982456e+00
26 7.961538e+00
40 8.200000e+00
34 7.941176e+00
123 8.105691e+00
81 8.197531e+00
29 8.103448e+00
58 7.931034e+00
41 7.926829e+00
46 8.195652e+00
26 7.923077e+00
41 8.195122e+00
24 7.916667e+00
40 7.900000e+00
36 7.888889e+00
60 8.100000e+00
1349 8.000000e+00
57 7.877193e+00
60 7.866667e+00
32 7.875000e+00
13 7.846154e+00
63 8.095238e+00
32 7.843750e+00
11 7.909091e+00
55 8.090909e+00
42 7.833333e+00
28 7.821429e+00
31 7.806452e+00
43 7.860465e+00
22 7.818182e+00
98 7.908163e+00
19 7.789474e+00
80 7.800000e+00
18 7.777778e+00
21 7.761905e+00
63 7.857143e+00
26 7.769231e+00
22 7.727273e+00
54 7.907407e+00
18 7.722222e+00
96 7.750000e+00
17 7.705882e+00
56 7.714286e+00
40 7.700000e+00
46 7.695652e+00
13 7.692308e+00
28 7.678571e+00
26 7.653846e+00
11 7.636364e+00
38 7.631579e+00
222 7.666667e+00
48 7.625000e+00
106 7.641509e+00
13 7.615385e+00
32 7.593750e+00
17 7.588235e+00
12 7.583333e+00
95 7.600000e+00
35 7.571429e+00
38 7.578947e+00
23 7.565217e+00
27 7.555556e+00
20 7.550000e+00
22 7.545455e+00
100 7.740000e+00
80 7.562500e+00
27 7.518519e+00
72 7.736111e+00
24 7.541667e+00
39 7.538462e+00
41 7.487805e+00
45 7.533333e+00
45 7.466667e+00
50 7.480000e+00
51 7.529412e+00
33 7.454545e+00
36 7.444444e+00
52 7.461538e+00
24 7.416667e+00
63 7.428571e+00
25 7.440000e+00
16 7.437500e+00
652 7.500000e+00
31 7.387097e+00
64 7.375000e+00
26 7.384615e+00
22 7.363636e+00
175 7.400000e+00
27 7.370370e+00
19 7.368421e+00
31 7.322581e+00
237 7.333333e+00
22 7.318182e+00
17 7.352941e+00
17 7.294118e+00
40 7.350000e+00
18 7.277778e+00
63 7.285714e+00
29 7.344828e+00
66 7.272727e+00
29 7.310345e+00
176 7.250000e+00
65 7.307692e+00
100 7.200000e+00
49 7.224490e+00
36 7.222222e+00
27 7.185185e+00
33 7.181818e+00
138 7.166667e+00
50 7.160000e+00
42 7.142857e+00
27 7.148148e+00
15 7.133333e+00
83 7.240964e+00
17 7.117647e+00
45 7.111111e+00
19 7.105263e+00
20 7.100000e+00
34 7.235294e+00
66 7.090909e+00
31 7.129032e+00
13 7.230769e+00
48 7.125000e+00
96 7.083333e+00
52 7.076923e+00
16 7.062500e+00
42 7.071429e+00
43 6.976744e+00
36 6.972222e+00
25 6.960000e+00
43 7.046512e+00
34 6.941176e+00
21 6.952381e+00
20 6.950000e+00
23 7.043478e+00
28 6.928571e+00
27 6.925926e+00
24 7.041667e+00
16 6.937500e+00
55 6.909091e+00
40 6.900000e+00
24 6.916667e+00
63 6.888889e+00
17 6.882353e+00
24 6.875000e+00
46 6.913043e+00
47 6.936170e+00
46 6.869565e+00
31 6.935484e+00
126 6.857143e+00
17 6.823529e+00
96 6.833333e+00
44 6.818182e+00
33 6.848485e+00
125 6.800000e+00
13 6.846154e+00
24 6.791667e+00
56 6.785714e+00
38 6.789474e+00
63 6.777778e+00
65 6.769231e+00
45 6.844444e+00
19 6.842105e+00
41 6.756098e+00
17 6.764706e+00
38 6.763158e+00
21 6.761905e+00
27 6.740741e+00
308 6.750000e+00
2223 7.000000e+00
23 6.739130e+00
19 6.736842e+00
30 6.733333e+00
55 6.727273e+00
26 6.730769e+00
32 6.718750e+00
24 6.708333e+00
19 6.684211e+00
91 6.714286e+00
26 6.653846e+00
100 6.700000e+00
20 6.650000e+00
26 6.692308e+00
14 6.642857e+00
19 6.631579e+00
294 6.666667e+00
66 6.636364e+00
56 6.625000e+00
45 6.688889e+00
16 6.687500e+00
37 6.594595e+00
140 6.600000e+00
21 6.619048e+00
22 6.590909e+00
48 6.583333e+00
17 6.588235e+00
36 6.555556e+00
84 6.571429e+00
34 6.617647e+00
24 6.541667e+00
55 6.545455e+00
13 6.615385e+00
26 6.538462e+00
17 6.529412e+00
30 6.533333e+00
19 6.526316e+00
25 6.480000e+00
51 6.470588e+00
45 6.466667e+00
39 6.461538e+00
33 6.454545e+00
20 6.450000e+00
45 6.444444e+00
60 6.416667e+00
34 6.411765e+00
126 6.428571e+00
91 6.384615e+00
56 6.375000e+00
35 6.371429e+00
1108 6.500000e+00
88 6.363636e+00
215 6.400000e+00
37 6.324324e+00
16 6.312500e+00
13 6.307692e+00
384 6.333333e+00
25 6.360000e+00
28 6.357143e+00
40 6.300000e+00
27 6.296296e+00
33 6.393939e+00
24 6.291667e+00
18 6.277778e+00
18 6.388889e+00
70 6.285714e+00
25 6.280000e+00
45 6.266667e+00
66 6.272727e+00
17 6.235294e+00
19 6.263158e+00
52 6.230769e+00
63 6.222222e+00
14 6.214286e+00
19 6.210526e+00
46 6.260870e+00
55 6.181818e+00
34 6.176471e+00
29 6.172414e+00
265 6.200000e+00
67 6.253731e+00
52 6.153846e+00
52 6.192308e+00
20 6.150000e+00
28 6.142857e+00
15 6.133333e+00
186 6.166667e+00
224 6.250000e+00
80 6.125000e+00
99 6.111111e+00
63 6.190476e+00
99 6.090909e+00
16 6.187500e+00
14 6.071429e+00
130 6.100000e+00
39 6.076923e+00
22 6.045455e+00
36 6.055556e+00
24 6.083333e+00
26 6.038462e+00
30 5.966667e+00
37 6.081081e+00
15 5.933333e+00
36 5.944444e+00
56 5.928571e+00
39 5.923077e+00
25 5.960000e+00
22 5.909091e+00
48 5.916667e+00
23 5.956522e+00
21 5.904762e+00
40 5.900000e+00
99 5.888889e+00
68 5.882353e+00
15 5.866667e+00
26 5.846154e+00
168 5.875000e+00
34 5.823529e+00
180 5.833333e+00
55 5.818182e+00
41 5.804878e+00
64 5.812500e+00
42 5.785714e+00
196 5.857143e+00
81 5.777778e+00
54 5.851852e+00
245 5.800000e+00
39 5.769231e+00
44 5.772727e+00
21 5.761905e+00
15 5.733333e+00
26 5.730769e+00
23 5.739130e+00
11 5.727273e+00
19 5.736842e+00
29 5.724138e+00
17 5.705882e+00
147 5.714286e+00
444 5.750000e+00
170 5.700000e+00
32 5.687500e+00
19 5.684211e+00
26 5.653846e+00
56 5.642857e+00
49 5.693878e+00
55 5.636364e+00
65 5.692308e+00
120 5.625000e+00
588 5.666667e+00
21 5.619048e+00
78 5.615385e+00
425 5.600000e+00
31 5.612903e+00
23 5.565217e+00
154 5.571429e+00
32 5.562500e+00
41 5.585366e+00
44 5.545455e+00
81 5.555556e+00
84 5.583333e+00
31 5.580645e+00
4161 6.000000e+00
26 5.576923e+00
23 5.478261e+00
19 5.473684e+00
34 5.470588e+00
24 5.541667e+00
104 5.538462e+00
30 5.533333e+00
15 5.466667e+00
126 5.444444e+00
28 5.464286e+00
26 5.461538e+00
99 5.454545e+00
80 5.437500e+00
31 5.451613e+00
24 5.416667e+00
203 5.428571e+00
44 5.409091e+00
27 5.407407e+00
18 5.388889e+00
26 5.384615e+00
305 5.400000e+00
38 5.394737e+00
33 5.363636e+00
28 5.392857e+00
17 5.352941e+00
20 5.350000e+00
25 5.360000e+00
14 5.357143e+00
45 5.377778e+00
19 5.315789e+00
16 5.312500e+00
80 5.375000e+00
70 5.300000e+00
52 5.307692e+00
23 5.304348e+00
133 5.285714e+00
32 5.281250e+00
25 5.280000e+00
2370 5.500000e+00
110 5.272727e+00
60 5.266667e+00
990 5.333333e+00
23 5.260870e+00
29 5.241379e+00
17 5.235294e+00
25 5.240000e+00
26 5.230769e+00
496 5.250000e+00
98 5.214286e+00
108 5.222222e+00
16 5.187500e+00
39 5.153846e+00
110 5.181818e+00
345 5.200000e+00
23 5.130435e+00
34 5.117647e+00
196 5.142857e+00
270 5.166667e+00
176 5.125000e+00
100 5.100000e+00
189 5.111111e+00
16 5.062500e+00
19 5.052632e+00
17 5.058824e+00
27 5.037037e+00
23 5.043478e+00
24 5.041667e+00
49 4.959184e+00
25 5.080000e+00
143 5.090909e+00
78 5.076923e+00
20 4.950000e+00
38 4.947368e+00
40 5.075000e+00
42 5.071429e+00
23 5.086957e+00
80 4.937500e+00
36 4.944444e+00
35 5.085714e+00
30 4.933333e+00
34 4.941176e+00
13 4.923077e+00
36 5.083333e+00
36 4.916667e+00
42 4.904762e+00
77 4.909091e+00
38 4.894737e+00
26 4.884615e+00
120 4.900000e+00
25 4.880000e+00
108 4.888889e+00
30 4.866667e+00
22 4.863636e+00
192 4.875000e+00
231 4.857143e+00
27 4.851852e+00
20 4.850000e+00
78 4.846154e+00
19 4.842105e+00
32 4.812500e+00
99 4.818182e+00
19 4.789474e+00
324 4.833333e+00
42 4.785714e+00
32 4.781250e+00
375 4.800000e+00
22 4.772727e+00
21 4.761905e+00
26 4.769231e+00
30 4.733333e+00
180 4.777778e+00
18 4.722222e+00
110 4.727273e+00
51 4.705882e+00
238 4.714286e+00
120 4.700000e+00
26 4.692308e+00
20 4.650000e+00
17 4.647059e+00
788 4.750000e+00
28 4.642857e+00
44 4.636364e+00
39 4.615385e+00
264 4.625000e+00
31 4.612903e+00
18 4.611111e+00
72 4.583333e+00
1089 4.666667e+00
38 4.578947e+00
189 4.571429e+00
540 4.600000e+00
16 4.562500e+00
25 4.560000e+00
30 4.533333e+00
77 4.545455e+00
51 4.529412e+00
21 4.523810e+00
126 4.555556e+00
35 4.514286e+00
24 4.541667e+00
39 4.487179e+00
21 4.476190e+00
17 4.470588e+00
52 4.538462e+00
45 4.466667e+00
91 4.461538e+00
20 4.450000e+00
110 4.454545e+00
16 4.437500e+00
441 4.428571e+00
207 4.444444e+00
57 4.421053e+00
43 4.441860e+00
48 4.416667e+00
17 4.411765e+00
38 4.394737e+00
23 4.391304e+00
18 4.388889e+00
52 4.384615e+00
500 4.400000e+00
19 4.368421e+00
152 4.375000e+00
14 4.357143e+00
99 4.363636e+00
17 4.352941e+00
69 4.347826e+00
32 4.312500e+00
78 4.307692e+00
160 4.300000e+00
17 4.294118e+00
336 4.285714e+00
66 4.272727e+00
15 4.266667e+00
1563 4.333333e+00
8147 5.000000e+00
25 4.240000e+00
17 4.235294e+00
52 4.230769e+00
772 4.250000e+00
4430 4.500000e+00
70 4.214286e+00
24 4.208333e+00
21 4.190476e+00
16 4.187500e+00
198 4.222222e+00
88 4.181818e+00
19 4.157895e+00
32 4.218750e+00
13 4.153846e+00
15 4.133333e+00
650 4.200000e+00
34 4.117647e+00
390 4.166667e+00
240 4.125000e+00
19 4.105263e+00
392 4.142857e+00
100 4.100000e+00
99 4.090909e+00
216 4.111111e+00
13 4.076923e+00
24 4.083333e+00
16 4.062500e+00
28 4.071429e+00
15 4.066667e+00
19 4.052632e+00
40 3.950000e+00
25 3.960000e+00
24 3.958333e+00
84 3.928571e+00
31 3.935484e+00
52 3.923077e+00
84 3.916667e+00
75 3.933333e+00
21 3.904762e+00
121 3.909091e+00
230 3.900000e+00
234 3.888889e+00
240 3.875000e+00
23 3.869565e+00
30 3.866667e+00
65 3.846154e+00
19 3.842105e+00
25 3.840000e+00
110 3.818182e+00
322 3.857143e+00
24 3.791667e+00
28 3.785714e+00
564 3.833333e+00
180 3.777778e+00
17 3.764706e+00
21 3.761905e+00
65 3.769231e+00
30 3.733333e+00
44 3.727273e+00
18 3.722222e+00
735 3.800000e+00
51 3.705882e+00
150 3.700000e+00
441 3.714286e+00
16 3.687500e+00
23 3.695652e+00
91 3.692308e+00
42 3.642857e+00
77 3.636364e+00
1400 3.750000e+00
39 3.615385e+00
36 3.611111e+00
344 3.625000e+00
17 3.588235e+00
84 3.583333e+00
625 3.600000e+00
16 3.562500e+00
434 3.571429e+00
108 3.555556e+00
99 3.545455e+00
78 3.538462e+00
17 3.529412e+00
42 3.523810e+00
19 3.473684e+00
1932 3.666667e+00
34 3.470588e+00
15 3.466667e+00
26 3.461538e+00
20 3.450000e+00
77 3.454545e+00
216 3.444444e+00
72 3.416667e+00
34 3.411765e+00
434 3.428571e+00
18 3.388889e+00
65 3.384615e+00
296 3.375000e+00
990 3.400000e+00
44 3.363636e+00
70 3.357143e+00
34 3.352941e+00
20 3.350000e+00
38 3.315789e+00
35 3.314286e+00
117 3.307692e+00
80 3.300000e+00
17 3.294118e+00
483 3.285714e+00
18 3.277778e+00
44 3.272727e+00
19 3.263158e+00
2355 3.333333e+00
1072 3.250000e+00
17 3.235294e+00
39 3.230769e+00
14 3.214286e+00
171 3.222222e+00
48 3.187500e+00
88 3.181818e+00
17 3.176471e+00
1110 3.200000e+00
564 3.166667e+00
120 3.125000e+00
117 3.111111e+00
40 3.100000e+00
33 3.090909e+00
72 3.083333e+00
26 3.076923e+00
28 3.071429e+00
679 3.142857e+00
21 2.952381e+00
38 2.947368e+00
18 2.944444e+00
30 2.933333e+00
56 2.928571e+00
13 2.923077e+00
72 2.916667e+00
77 2.909091e+00
180 2.900000e+00
234 2.888889e+00
328 2.875000e+00
45 2.866667e+00
630 2.857143e+00
20 2.850000e+00
26 2.846154e+00
864 2.833333e+00
99 2.818182e+00
9632 3.500000e+00
980 2.800000e+00
28 2.785714e+00
243 2.777778e+00
39 2.769231e+00
15 2.733333e+00
77 2.727273e+00
385 2.714286e+00
17 2.705882e+00
130 2.700000e+00
13 2.692308e+00
16 2.687500e+00
15471 4.000000e+00
2024 2.750000e+00
44 2.636364e+00
208 2.625000e+00
850 2.600000e+00
24 2.583333e+00
2892 2.666667e+00
210 2.571429e+00
26 2.538462e+00
44 2.545455e+00
90 2.555556e+00
38 2.473684e+00
39 2.461538e+00
33 2.454545e+00
20 2.450000e+00
16 2.437500e+00
135 2.444444e+00
60 2.416667e+00
350 2.428571e+00
39 2.384615e+00
176 2.375000e+00
19 2.368421e+00
33 2.363636e+00
28 2.357143e+00
1250 2.400000e+00
19 2.315789e+00
26 2.307692e+00
40 2.300000e+00
34 2.294118e+00
392 2.285714e+00
18 2.277778e+00
22 2.272727e+00
15 2.266667e+00
1180 2.250000e+00
13 2.230769e+00
99 2.222222e+00
14 2.214286e+00
3351 2.333333e+00
44 2.181818e+00
396 2.166667e+00
140 2.142857e+00
1430 2.200000e+00
120 2.125000e+00
17 2.117647e+00
30 2.100000e+00
45 2.111111e+00
33 2.090909e+00
19 1.947368e+00
15 1.933333e+00
26 1.923077e+00
24 1.916667e+00
22 1.909091e+00
90 1.900000e+00
99 1.888889e+00
248 1.875000e+00
259 1.857143e+00
26 1.846154e+00
420 1.833333e+00
33 1.818182e+00
1240 1.800000e+00
108 1.777778e+00
1788 1.750000e+00
11 1.727273e+00
147 1.714286e+00
20 1.700000e+00
13 1.692308e+00
2682 1.666667e+00
11 1.636364e+00
32 1.625000e+00
310 1.600000e+00
35 1.571429e+00
36 1.555556e+00
18472 2.500000e+00
27 1.444444e+00
63 1.428571e+00
415 1.400000e+00
16 1.375000e+00
2055 1.333333e+00
21 1.285714e+00
264 1.250000e+00
15 1.200000e+00
28889 3.000000e+00
23908 1.500000e+00
45436 1.000000e+00
47968 2.000000e+00
