115 5.6565217391e+01
102 5.0500000000e+01
29 3.8827586207e+01
63 3.1000000000e+01
1 2.6000000000e+01
56 2.4857142857e+01
49 2.4081632653e+01
2 2.4000000000e+01
12 2.3916666667e+01
48 2.3541666667e+01
9 2.2111111111e+01
1 2.2000000000e+01
44 2.1863636364e+01
44 2.1500000000e+01
45 2.1355555556e+01
43 2.1348837209e+01
5 2.1200000000e+01
43 2.1000000000e+01
40 1.9500000000e+01
39 1.9025641026e+01
1 1.9000000000e+01
27 1.7777777778e+01
36 1.7527777778e+01
36 1.7500000000e+01
18 1.7388888889e+01
88 1.7272727273e+01
25 1.7000000000e+01
54 1.6851851852e+01
16 1.6750000000e+01
34 1.6500000000e+01
30 1.6233333333e+01
67 1.6000000000e+01
30 1.5666666667e+01
33 1.5636363636e+01
64 1.5500000000e+01
37 1.5486486486e+01
7 1.5285714286e+01
27 1.5222222222e+01
60 1.5066666667e+01
31 1.5032258065e+01
4 1.5000000000e+01
29 1.4862068966e+01
26 1.4846153846e+01
34 1.4764705882e+01
58 1.4706896552e+01
30 1.4700000000e+01
3 1.4666666667e+01
14 1.4500000000e+01
26 1.4346153846e+01
31 1.4096774194e+01
43 1.4069767442e+01
31 1.4064516129e+01
38 1.4000000000e+01
53 1.3773584906e+01
32 1.3687500000e+01
28 1.3678571429e+01
52 1.3673076923e+01
11 1.3454545455e+01
27 1.3296296296e+01
27 1.3222222222e+01
30 1.3166666667e+01
44 1.3090909091e+01
36 1.3000000000e+01
24 1.2958333333e+01
21 1.2952380952e+01
19 1.2947368421e+01
21 1.2761904762e+01
43 1.2744186047e+01
23 1.2739130435e+01
24 1.2583333333e+01
35 1.2571428571e+01
46 1.2500000000e+01
19 1.2473684211e+01
9 1.2444444444e+01
24 1.2375000000e+01
12 1.2333333333e+01
25 1.2320000000e+01
22 1.2227272727e+01
18 1.2166666667e+01
23 1.2130434783e+01
24 1.2083333333e+01
17 1.2058823529e+01
373 1.2050938338e+01
49 1.2020408163e+01
148 1.2000000000e+01
9 1.1888888889e+01
13 1.1846153846e+01
12 1.1833333333e+01
35 1.1828571429e+01
5 1.1800000000e+01
25 1.1760000000e+01
52 1.1750000000e+01
15 1.1733333333e+01
10 1.1700000000e+01
129 1.1682170543e+01
15 1.1666666667e+01
22 1.1636363636e+01
29 1.1620689655e+01
5 1.1600000000e+01
7 1.1571428571e+01
24 1.1541666667e+01
32 1.1500000000e+01
9 1.1444444444e+01
48 1.1416666667e+01
13 1.1384615385e+01
14 1.1357142857e+01
23 1.1347826087e+01
48 1.1333333333e+01
14 1.1285714286e+01
32 1.1250000000e+01
17 1.1235294118e+01
9 1.1222222222e+01
6 1.1166666667e+01
23 1.1130434783e+01
48 1.1125000000e+01
19 1.1105263158e+01
23 1.1043478261e+01
182 1.1000000000e+01
28 1.0964285714e+01
47 1.0936170213e+01
28 1.0928571429e+01
9 1.0888888889e+01
8 1.0875000000e+01
22 1.0863636364e+01
7 1.0857142857e+01
12 1.0833333333e+01
17 1.0823529412e+01
15 1.0800000000e+01
24 1.0791666667e+01
123 1.0747967480e+01
105 1.0723809524e+01
48 1.0687500000e+01
24 1.0666666667e+01
61 1.0655737705e+01
37 1.0648648649e+01
10 1.0600000000e+01
7 1.0571428571e+01
18 1.0555555556e+01
66 1.0545454545e+01
54 1.0500000000e+01
19 1.0473684211e+01
21 1.0428571429e+01
40 1.0400000000e+01
21 1.0380952381e+01
21 1.0333333333e+01
28 1.0285714286e+01
36 1.0277777778e+01
11 1.0272727273e+01
36 1.0250000000e+01
42 1.0238095238e+01
22 1.0227272727e+01
27 1.0222222222e+01
14 1.0214285714e+01
5 1.0200000000e+01
21 1.0190476190e+01
51 1.0176470588e+01
42 1.0166666667e+01
81 1.0160493827e+01
13 1.0153846154e+01
28 1.0142857143e+01
9 1.0111111111e+01
10 1.0100000000e+01
21 1.0095238095e+01
11 1.0090909091e+01
12 1.0083333333e+01
64 1.0062500000e+01
17 1.0058823529e+01
18 1.0055555556e+01
20 1.0050000000e+01
21 1.0047619048e+01
332 1.0000000000e+01
29 9.9655172414e+00
21 9.9523809524e+00
15 9.9333333333e+00
28 9.9285714286e+00
12 9.9166666667e+00
36 9.8888888889e+00
21 9.8571428571e+00
20 9.8500000000e+00
77 9.8311688312e+00
17 9.8235294118e+00
21 9.8095238095e+00
60 9.8000000000e+00
18 9.7777777778e+00
52 9.7500000000e+00
11 9.7272727273e+00
43 9.6976744186e+00
75 9.6666666667e+00
18 9.6111111111e+00
85 9.6000000000e+00
34 9.5882352941e+00
42 9.5714285714e+00
180 9.5000000000e+00
29 9.4482758621e+00
16 9.4375000000e+00
28 9.4285714286e+00
12 9.4166666667e+00
5 9.4000000000e+00
23 9.3913043478e+00
95 9.3684210526e+00
14 9.3571428571e+00
23 9.3478260870e+00
69 9.3333333333e+00
25 9.3200000000e+00
19 9.3157894737e+00
77 9.2857142857e+00
40 9.2750000000e+00
15 9.2666666667e+00
31 9.2580645161e+00
36 9.2500000000e+00
25 9.2400000000e+00
34 9.2352941176e+00
43 9.2093023256e+00
50 9.2000000000e+00
26 9.1923076923e+00
30 9.1666666667e+00
13 9.1538461538e+00
14 9.1428571429e+00
64 9.1250000000e+00
45 9.1111111111e+00
56 9.1071428571e+00
12 9.0833333333e+00
18 9.0555555556e+00
19 9.0526315789e+00
52 9.0384615385e+00
31 9.0322580645e+00
42 9.0238095238e+00
593 9.0000000000e+00
34 8.9705882353e+00
83 8.9638554217e+00
35 8.9428571429e+00
28 8.9285714286e+00
22 8.9090909091e+00
50 8.9000000000e+00
9 8.8888888889e+00
26 8.8846153846e+00
32 8.8750000000e+00
141 8.8652482270e+00
34 8.8529411765e+00
24 8.8333333333e+00
29 8.8275862069e+00
11 8.8181818182e+00
80 8.8000000000e+00
48 8.7916666667e+00
18 8.7777777778e+00
52 8.7692307692e+00
25 8.7600000000e+00
12 8.7500000000e+00
61 8.7377049180e+00
11 8.7272727273e+00
36 8.7222222222e+00
49 8.7142857143e+00
20 8.7000000000e+00
39 8.6923076923e+00
48 8.6875000000e+00
108 8.6666666667e+00
20 8.6500000000e+00
11 8.6363636364e+00
46 8.6304347826e+00
13 8.6153846154e+00
25 8.6000000000e+00
35 8.5714285714e+00
16 8.5625000000e+00
97 8.5567010309e+00
33 8.5454545455e+00
127 8.5354330709e+00
17 8.5294117647e+00
131 8.5190839695e+00
234 8.5000000000e+00
86 8.4767441860e+00
13 8.4615384615e+00
11 8.4545454545e+00
29 8.4482758621e+00
36 8.4444444444e+00
23 8.4347826087e+00
42 8.4285714286e+00
24 8.4166666667e+00
29 8.4137931034e+00
22 8.4090909091e+00
45 8.4000000000e+00
48 8.3750000000e+00
19 8.3684210526e+00
33 8.3636363636e+00
57 8.3508771930e+00
144 8.3333333333e+00
40 8.3250000000e+00
45 8.3111111111e+00
68 8.3088235294e+00
20 8.3000000000e+00
24 8.2916666667e+00
56 8.2857142857e+00
47 8.2765957447e+00
11 8.2727272727e+00
15 8.2666666667e+00
19 8.2631578947e+00
31 8.2580645161e+00
84 8.2500000000e+00
38 8.2368421053e+00
65 8.2307692308e+00
45 8.2222222222e+00
118 8.2118644068e+00
208 8.1971153846e+00
116 8.1810344828e+00
17 8.1764705882e+00
72 8.1666666667e+00
76 8.1578947368e+00
13 8.1538461538e+00
137 8.1459854015e+00
15 8.1333333333e+00
64 8.1250000000e+00
33 8.1212121212e+00
51 8.1176470588e+00
216 8.1018518519e+00
114 8.0964912281e+00
13 8.0769230769e+00
28 8.0714285714e+00
30 8.0666666667e+00
16 8.0625000000e+00
18 8.0555555556e+00
24 8.0416666667e+00
65 8.0307692308e+00
60 8.0166666667e+00
1349 8.0000000000e+00
57 7.9824561404e+00
26 7.9615384615e+00
34 7.9411764706e+00
99 7.9292929293e+00
26 7.9230769231e+00
24 7.9166666667e+00
163 7.9079754601e+00
40 7.9000000000e+00
36 7.8888888889e+00
89 7.8764044944e+00
60 7.8666666667e+00
106 7.8584905660e+00
13 7.8461538462e+00
32 7.8437500000e+00
42 7.8333333333e+00
28 7.8214285714e+00
22 7.8181818182e+00
31 7.8064516129e+00
80 7.8000000000e+00
19 7.7894736842e+00
18 7.7777777778e+00
26 7.7692307692e+00
21 7.7619047619e+00
96 7.7500000000e+00
172 7.7383720930e+00
22 7.7272727273e+00
18 7.7222222222e+00
56 7.7142857143e+00
17 7.7058823529e+00
40 7.7000000000e+00
46 7.6956521739e+00
13 7.6923076923e+00
28 7.6785714286e+00
222 7.6666666667e+00
26 7.6538461538e+00
106 7.6415094340e+00
11 7.6363636364e+00
38 7.6315789474e+00
48 7.6250000000e+00
13 7.6153846154e+00
95 7.6000000000e+00
32 7.5937500000e+00
17 7.5882352941e+00
12 7.5833333333e+00
38 7.5789473684e+00
35 7.5714285714e+00
23 7.5652173913e+00
80 7.5625000000e+00
27 7.5555555556e+00
20 7.5500000000e+00
22 7.5454545455e+00
63 7.5396825397e+00
45 7.5333333333e+00
51 7.5294117647e+00
27 7.5185185185e+00
652 7.5000000000e+00
41 7.4878048780e+00
50 7.4800000000e+00
45 7.4666666667e+00
52 7.4615384615e+00
33 7.4545454545e+00
36 7.4444444444e+00
41 7.4390243902e+00
63 7.4285714286e+00
24 7.4166666667e+00
175 7.4000000000e+00
57 7.3859649123e+00
64 7.3750000000e+00
46 7.3695652174e+00
22 7.3636363636e+00
60 7.3500000000e+00
26 7.3461538462e+00
237 7.3333333333e+00
53 7.3207547170e+00
94 7.3085106383e+00
17 7.2941176471e+00
63 7.2857142857e+00
18 7.2777777778e+00
66 7.2727272727e+00
176 7.2500000000e+00
83 7.2409638554e+00
34 7.2352941176e+00
13 7.2307692308e+00
85 7.2235294118e+00
100 7.2000000000e+00
27 7.1851851852e+00
33 7.1818181818e+00
138 7.1666666667e+00
50 7.1600000000e+00
27 7.1481481481e+00
42 7.1428571429e+00
15 7.1333333333e+00
79 7.1265822785e+00
17 7.1176470588e+00
45 7.1111111111e+00
19 7.1052631579e+00
20 7.1000000000e+00
66 7.0909090909e+00
96 7.0833333333e+00
52 7.0769230769e+00
42 7.0714285714e+00
16 7.0625000000e+00
90 7.0444444444e+00
2223 7.0000000000e+00
43 6.9767441860e+00
36 6.9722222222e+00
25 6.9600000000e+00
41 6.9512195122e+00
34 6.9411764706e+00
94 6.9361702128e+00
28 6.9285714286e+00
27 6.9259259259e+00
70 6.9142857143e+00
55 6.9090909091e+00
40 6.9000000000e+00
63 6.8888888889e+00
17 6.8823529412e+00
24 6.8750000000e+00
46 6.8695652174e+00
126 6.8571428571e+00
110 6.8454545455e+00
96 6.8333333333e+00
17 6.8235294118e+00
44 6.8181818182e+00
125 6.8000000000e+00
62 6.7903225806e+00
56 6.7857142857e+00
63 6.7777777778e+00
65 6.7692307692e+00
76 6.7631578947e+00
41 6.7560975610e+00
308 6.7500000000e+00
69 6.7391304348e+00
56 6.7321428571e+00
55 6.7272727273e+00
32 6.7187500000e+00
91 6.7142857143e+00
24 6.7083333333e+00
100 6.7000000000e+00
87 6.6896551724e+00
19 6.6842105263e+00
294 6.6666666667e+00
26 6.6538461538e+00
20 6.6500000000e+00
14 6.6428571429e+00
66 6.6363636364e+00
19 6.6315789474e+00
56 6.6250000000e+00
68 6.6176470588e+00
140 6.6000000000e+00
37 6.5945945946e+00
39 6.5897435897e+00
48 6.5833333333e+00
84 6.5714285714e+00
36 6.5555555556e+00
55 6.5454545455e+00
24 6.5416666667e+00
26 6.5384615385e+00
30 6.5333333333e+00
17 6.5294117647e+00
19 6.5263157895e+00
1108 6.5000000000e+00
25 6.4800000000e+00
51 6.4705882353e+00
45 6.4666666667e+00
39 6.4615384615e+00
33 6.4545454545e+00
20 6.4500000000e+00
45 6.4444444444e+00
126 6.4285714286e+00
60 6.4166666667e+00
34 6.4117647059e+00
215 6.4000000000e+00
33 6.3939393939e+00
18 6.3888888889e+00
91 6.3846153846e+00
56 6.3750000000e+00
35 6.3714285714e+00
141 6.3617021277e+00
384 6.3333333333e+00
37 6.3243243243e+00
16 6.3125000000e+00
13 6.3076923077e+00
40 6.3000000000e+00
27 6.2962962963e+00
24 6.2916666667e+00
70 6.2857142857e+00
25 6.2800000000e+00
18 6.2777777778e+00
66 6.2727272727e+00
45 6.2666666667e+00
65 6.2615384615e+00
291 6.2508591065e+00
17 6.2352941176e+00
52 6.2307692308e+00
63 6.2222222222e+00
14 6.2142857143e+00
19 6.2105263158e+00
265 6.2000000000e+00
131 6.1908396947e+00
55 6.1818181818e+00
34 6.1764705882e+00
29 6.1724137931e+00
186 6.1666666667e+00
52 6.1538461538e+00
20 6.1500000000e+00
28 6.1428571429e+00
15 6.1333333333e+00
80 6.1250000000e+00
99 6.1111111111e+00
130 6.1000000000e+00
99 6.0909090909e+00
61 6.0819672131e+00
39 6.0769230769e+00
14 6.0714285714e+00
36 6.0555555556e+00
22 6.0454545455e+00
26 6.0384615385e+00
4161 6.0000000000e+00
30 5.9666666667e+00
25 5.9600000000e+00
23 5.9565217391e+00
36 5.9444444444e+00
15 5.9333333333e+00
56 5.9285714286e+00
39 5.9230769231e+00
48 5.9166666667e+00
22 5.9090909091e+00
21 5.9047619048e+00
40 5.9000000000e+00
99 5.8888888889e+00
68 5.8823529412e+00
168 5.8750000000e+00
15 5.8666666667e+00
250 5.8560000000e+00
26 5.8461538462e+00
180 5.8333333333e+00
34 5.8235294118e+00
55 5.8181818182e+00
64 5.8125000000e+00
41 5.8048780488e+00
245 5.8000000000e+00
42 5.7857142857e+00
81 5.7777777778e+00
44 5.7727272727e+00
39 5.7692307692e+00
21 5.7619047619e+00
444 5.7500000000e+00
42 5.7380952381e+00
15 5.7333333333e+00
26 5.7307692308e+00
11 5.7272727273e+00
29 5.7241379310e+00
147 5.7142857143e+00
17 5.7058823529e+00
170 5.7000000000e+00
114 5.6929824561e+00
32 5.6875000000e+00
19 5.6842105263e+00
588 5.6666666667e+00
26 5.6538461538e+00
56 5.6428571429e+00
55 5.6363636364e+00
120 5.6250000000e+00
130 5.6153846154e+00
425 5.6000000000e+00
182 5.5824175824e+00
154 5.5714285714e+00
55 5.5636363636e+00
81 5.5555555556e+00
44 5.5454545455e+00
158 5.5379746835e+00
2370 5.5000000000e+00
23 5.4782608696e+00
19 5.4736842105e+00
34 5.4705882353e+00
69 5.4637681159e+00
130 5.4538461538e+00
126 5.4444444444e+00
80 5.4375000000e+00
203 5.4285714286e+00
24 5.4166666667e+00
71 5.4084507042e+00
305 5.4000000000e+00
66 5.3939393939e+00
18 5.3888888889e+00
26 5.3846153846e+00
125 5.3760000000e+00
33 5.3636363636e+00
39 5.3589743590e+00
17 5.3529411765e+00
20 5.3500000000e+00
990 5.3333333333e+00
19 5.3157894737e+00
16 5.3125000000e+00
75 5.3066666667e+00
70 5.3000000000e+00
133 5.2857142857e+00
57 5.2807017544e+00
110 5.2727272727e+00
83 5.2650602410e+00
496 5.2500000000e+00
54 5.2407407407e+00
17 5.2352941176e+00
26 5.2307692308e+00
108 5.2222222222e+00
98 5.2142857143e+00
345 5.2000000000e+00
16 5.1875000000e+00
110 5.1818181818e+00
270 5.1666666667e+00
39 5.1538461538e+00
196 5.1428571429e+00
23 5.1304347826e+00
176 5.1250000000e+00
34 5.1176470588e+00
189 5.1111111111e+00
100 5.1000000000e+00
143 5.0909090909e+00
94 5.0851063830e+00
26 5.0769230769e+00
159 5.0754716981e+00
16 5.0625000000e+00
17 5.0588235294e+00
19 5.0526315789e+00
47 5.0425531915e+00
27 5.0370370370e+00
8147 5.0000000000e+00
49 4.9591836735e+00
93 4.9462365591e+00
35 4.9428571429e+00
80 4.9375000000e+00
30 4.9333333333e+00
13 4.9230769231e+00
36 4.9166666667e+00
77 4.9090909091e+00
42 4.9047619048e+00
120 4.9000000000e+00
38 4.8947368421e+00
108 4.8888888889e+00
26 4.8846153846e+00
25 4.8800000000e+00
192 4.8750000000e+00
52 4.8653846154e+00
231 4.8571428571e+00
47 4.8510638298e+00
78 4.8461538462e+00
19 4.8421052632e+00
324 4.8333333333e+00
99 4.8181818182e+00
32 4.8125000000e+00
375 4.8000000000e+00
19 4.7894736842e+00
42 4.7857142857e+00
32 4.7812500000e+00
180 4.7777777778e+00
22 4.7727272727e+00
26 4.7692307692e+00
21 4.7619047619e+00
788 4.7500000000e+00
30 4.7333333333e+00
110 4.7272727273e+00
18 4.7222222222e+00
238 4.7142857143e+00
51 4.7058823529e+00
120 4.7000000000e+00
26 4.6923076923e+00
1089 4.6666666667e+00
37 4.6486486486e+00
28 4.6428571429e+00
44 4.6363636364e+00
264 4.6250000000e+00
88 4.6136363636e+00
540 4.6000000000e+00
72 4.5833333333e+00
38 4.5789473684e+00
189 4.5714285714e+00
34 4.5588235294e+00
133 4.5563909774e+00
79 4.5443037975e+00
74 4.5405405405e+00
81 4.5308641975e+00
21 4.5238095238e+00
35 4.5142857143e+00
4430 4.5000000000e+00
39 4.4871794872e+00
21 4.4761904762e+00
17 4.4705882353e+00
45 4.4666666667e+00
91 4.4615384615e+00
110 4.4545454545e+00
20 4.4500000000e+00
250 4.4440000000e+00
16 4.4375000000e+00
441 4.4285714286e+00
57 4.4210526316e+00
48 4.4166666667e+00
17 4.4117647059e+00
500 4.4000000000e+00
79 4.3924050633e+00
52 4.3846153846e+00
152 4.3750000000e+00
19 4.3684210526e+00
99 4.3636363636e+00
14 4.3571428571e+00
17 4.3529411765e+00
69 4.3478260870e+00
1563 4.3333333333e+00
32 4.3125000000e+00
78 4.3076923077e+00
160 4.3000000000e+00
17 4.2941176471e+00
336 4.2857142857e+00
66 4.2727272727e+00
15 4.2666666667e+00
772 4.2500000000e+00
25 4.2400000000e+00
17 4.2352941176e+00
52 4.2307692308e+00
230 4.2217391304e+00
70 4.2142857143e+00
24 4.2083333333e+00
650 4.2000000000e+00
21 4.1904761905e+00
16 4.1875000000e+00
88 4.1818181818e+00
390 4.1666666667e+00
19 4.1578947368e+00
13 4.1538461538e+00
392 4.1428571429e+00
15 4.1333333333e+00
240 4.1250000000e+00
34 4.1176470588e+00
216 4.1111111111e+00
19 4.1052631579e+00
100 4.1000000000e+00
99 4.0909090909e+00
24 4.0833333333e+00
13 4.0769230769e+00
28 4.0714285714e+00
15 4.0666666667e+00
16 4.0625000000e+00
19 4.0526315789e+00
15471 4.0000000000e+00
49 3.9591836735e+00
40 3.9500000000e+00
106 3.9339622642e+00
84 3.9285714286e+00
52 3.9230769231e+00
84 3.9166666667e+00
121 3.9090909091e+00
21 3.9047619048e+00
230 3.9000000000e+00
234 3.8888888889e+00
240 3.8750000000e+00
23 3.8695652174e+00
30 3.8666666667e+00
322 3.8571428571e+00
65 3.8461538462e+00
44 3.8409090909e+00
564 3.8333333333e+00
110 3.8181818182e+00
735 3.8000000000e+00
24 3.7916666667e+00
28 3.7857142857e+00
180 3.7777777778e+00
65 3.7692307692e+00
17 3.7647058824e+00
21 3.7619047619e+00
1400 3.7500000000e+00
30 3.7333333333e+00
44 3.7272727273e+00
18 3.7222222222e+00
441 3.7142857143e+00
51 3.7058823529e+00
150 3.7000000000e+00
114 3.6929824561e+00
16 3.6875000000e+00
1932 3.6666666667e+00
42 3.6428571429e+00
77 3.6363636364e+00
344 3.6250000000e+00
39 3.6153846154e+00
36 3.6111111111e+00
625 3.6000000000e+00
17 3.5882352941e+00
84 3.5833333333e+00
434 3.5714285714e+00
16 3.5625000000e+00
108 3.5555555556e+00
99 3.5454545455e+00
78 3.5384615385e+00
17 3.5294117647e+00
42 3.5238095238e+00
9632 3.5000000000e+00
19 3.4736842105e+00
34 3.4705882353e+00
15 3.4666666667e+00
26 3.4615384615e+00
77 3.4545454545e+00
20 3.4500000000e+00
216 3.4444444444e+00
434 3.4285714286e+00
72 3.4166666667e+00
34 3.4117647059e+00
990 3.4000000000e+00
83 3.3855421687e+00
296 3.3750000000e+00
44 3.3636363636e+00
70 3.3571428571e+00
54 3.3518518519e+00
2355 3.3333333333e+00
73 3.3150684932e+00
117 3.3076923077e+00
80 3.3000000000e+00
17 3.2941176471e+00
483 3.2857142857e+00
18 3.2777777778e+00
44 3.2727272727e+00
19 3.2631578947e+00
1072 3.2500000000e+00
17 3.2352941176e+00
39 3.2307692308e+00
171 3.2222222222e+00
14 3.2142857143e+00
1110 3.2000000000e+00
48 3.1875000000e+00
88 3.1818181818e+00
17 3.1764705882e+00
564 3.1666666667e+00
679 3.1428571429e+00
120 3.1250000000e+00
117 3.1111111111e+00
40 3.1000000000e+00
33 3.0909090909e+00
72 3.0833333333e+00
26 3.0769230769e+00
28 3.0714285714e+00
28889 3.0000000000e+00
21 2.9523809524e+00
38 2.9473684211e+00
18 2.9444444444e+00
30 2.9333333333e+00
56 2.9285714286e+00
13 2.9230769231e+00
72 2.9166666667e+00
77 2.9090909091e+00
180 2.9000000000e+00
234 2.8888888889e+00
328 2.8750000000e+00
45 2.8666666667e+00
630 2.8571428571e+00
20 2.8500000000e+00
26 2.8461538462e+00
864 2.8333333333e+00
99 2.8181818182e+00
980 2.8000000000e+00
28 2.7857142857e+00
243 2.7777777778e+00
39 2.7692307692e+00
2024 2.7500000000e+00
15 2.7333333333e+00
77 2.7272727273e+00
385 2.7142857143e+00
17 2.7058823529e+00
130 2.7000000000e+00
13 2.6923076923e+00
16 2.6875000000e+00
2892 2.6666666667e+00
44 2.6363636364e+00
208 2.6250000000e+00
850 2.6000000000e+00
24 2.5833333333e+00
210 2.5714285714e+00
90 2.5555555556e+00
44 2.5454545455e+00
26 2.5384615385e+00
18472 2.5000000000e+00
38 2.4736842105e+00
39 2.4615384615e+00
33 2.4545454545e+00
20 2.4500000000e+00
135 2.4444444444e+00
16 2.4375000000e+00
350 2.4285714286e+00
60 2.4166666667e+00
1250 2.4000000000e+00
39 2.3846153846e+00
176 2.3750000000e+00
19 2.3684210526e+00
33 2.3636363636e+00
28 2.3571428571e+00
3351 2.3333333333e+00
19 2.3157894737e+00
26 2.3076923077e+00
40 2.3000000000e+00
34 2.2941176471e+00
392 2.2857142857e+00
18 2.2777777778e+00
22 2.2727272727e+00
15 2.2666666667e+00
1180 2.2500000000e+00
13 2.2307692308e+00
99 2.2222222222e+00
14 2.2142857143e+00
1430 2.2000000000e+00
44 2.1818181818e+00
396 2.1666666667e+00
140 2.1428571429e+00
120 2.1250000000e+00
17 2.1176470588e+00
45 2.1111111111e+00
30 2.1000000000e+00
33 2.0909090909e+00
47968 2.0000000000e+00
19 1.9473684211e+00
15 1.9333333333e+00
26 1.9230769231e+00
24 1.9166666667e+00
22 1.9090909091e+00
90 1.9000000000e+00
99 1.8888888889e+00
248 1.8750000000e+00
259 1.8571428571e+00
26 1.8461538462e+00
420 1.8333333333e+00
33 1.8181818182e+00
1240 1.8000000000e+00
108 1.7777777778e+00
1788 1.7500000000e+00
11 1.7272727273e+00
147 1.7142857143e+00
20 1.7000000000e+00
13 1.6923076923e+00
2682 1.6666666667e+00
11 1.6363636364e+00
32 1.6250000000e+00
310 1.6000000000e+00
35 1.5714285714e+00
36 1.5555555556e+00
23908 1.5000000000e+00
27 1.4444444444e+00
63 1.4285714286e+00
415 1.4000000000e+00
16 1.3750000000e+00
2055 1.3333333333e+00
21 1.2857142857e+00
264 1.2500000000e+00
15 1.2000000000e+00
45436 1.0000000000e+00
